% ================
% function getpoints2  --> points already defined
function [x1,y1,x2,y2] = getpoints2()

x1 = 1000 * [

    0.9535
    1.8815
    0.9535
    1.8855
    0.9475
    0.6815
    1.9055
    2.1575
    1.1075
    1.7415
    1.1435
    1.7015
    
    ]


y1 = 1000 * [

    1.4055
    1.4035
    1.8895
    1.8875
    0.3455
    0.8135
    0.3515
    0.8115
    1.2055
    1.2035
    0.6635
    0.6655
    
    ]


x2 = 1000 * [

    1.6295
    2.4355
    1.6295
    2.4415
    1.1755
    0.8835
    2.0875
    2.2875
    1.3355
    1.9375
    1.3775
    1.9075
    
    ]


y2 = 1000 * [

    1.3855
    1.3535
    1.9135
    1.8175
    0.1955
    0.7075
    0.3115
    0.7755
    1.1595
    1.1515
    0.5655
    0.6075
    
    ]

end
